node1,node2,length,startLat,startLon,endLat,endLon,endNodeL,startNodeL,startYear,endYear,treeID
257,408,87.7634229072782,6.06613476137378,7.81025852351839,6.0735210138629,7.80487171290674,949.159590552432,861.396167645153,1728.04985648104,1815.81327938831,265200000
257,258,87.7032710386604,6.06613476137378,7.81025852351839,6.02673718380113,7.84345835408969,949.099438683814,861.396167645153,1728.04985648104,1815.7531275197,265200000
258,397,131.779598926653,6.02673718380113,7.84345835408969,5.99888360363828,7.83905970578994,1080.87903761047,949.099438683814,1815.7531275197,1947.53272644635,265200000
258,259,54.2439151654253,6.02673718380113,7.84345835408969,6.18164666909251,6.7372069663317,1003.34335384924,949.099438683814,1815.7531275197,1869.99704268512,265200000
259,260,67.2165437509659,6.18164666909251,6.7372069663317,6.18433363544588,6.72452922005017,1070.5598976002,1003.34335384924,1869.99704268512,1937.21358643609,265200000
259,265,54.283344563481,6.18164666909251,6.7372069663317,6.19616847757189,6.72807281878576,1057.62669841272,1003.34335384924,1869.99704268512,1924.2803872486,265200000
260,6,36.9120779222917,6.18433363544588,6.72452922005017,6.166667,6.783333,1107.4719755225,1070.5598976002,1937.21358643609,1974.12566435838,265200000
260,261,6.51587065065846,6.18433363544588,6.72452922005017,8.89512940151963,11.3653791675745,1077.07576825086,1070.5598976002,1937.21358643609,1943.72945708675,265200000
261,262,21.019857774086,8.89512940151963,11.3653791675745,8.89227936554105,11.3667781013999,1098.09562602495,1077.07576825086,1943.72945708675,1964.74931486083,265200000
261,264,47.5858644762362,8.89512940151963,11.3653791675745,8.89634296750731,11.3675269777797,1124.6616327271,1077.07576825086,1943.72945708675,1991.31532156298,265200000
262,1,48.4259454131416,8.89227936554105,11.3667781013999,8.88872538594294,11.3543917175827,1146.52157143809,1098.09562602495,1964.74931486083,2013.17526027397,265200000
262,263,8.9166131152657,8.89227936554105,11.3667781013999,8.8933739099923,11.356512395466,1107.01223914022,1098.09562602495,1964.74931486083,1973.6659279761,265200000
263,2,44.427140517054,8.8933739099923,11.356512395466,8.89608884961453,11.3583498585335,1151.43937965727,1107.01223914022,1973.6659279761,2018.09306849315,265200000
263,3,38.4378149687344,8.8933739099923,11.356512395466,8.89088031098822,11.3567319293518,1145.45005410895,1107.01223914022,1973.6659279761,2012.10374294483,265200000
264,4,20.7938858627244,8.89634296750731,11.3675269777797,8.89682324940253,11.3606046137754,1145.45551858982,1124.6616327271,1991.31532156298,2012.10920742571,265200000
264,5,24.6955252069867,8.89634296750731,11.3675269777797,7.251211,9.976395,1149.35715793409,1124.6616327271,1991.31532156298,2016.01084676997,265200000
265,266,68.0546632390562,6.19616847757189,6.72807281878576,6.20068686833795,6.73362345819577,1125.68136165178,1057.62669841272,1924.2803872486,1992.33505048766,265200000
265,268,11.9783441599301,6.19616847757189,6.72807281878576,6.19982111879746,6.73015067747911,1069.60504257265,1057.62669841272,1924.2803872486,1936.25873140853,265200000
266,9,26.7059632109724,6.20068686833795,6.73362345819577,7.272099,6.346321,1152.38732486275,1125.68136165178,1992.33505048766,2019.04101369863,265200000
266,267,17.8023063923334,6.20068686833795,6.73362345819577,6.19916473892505,6.72984344205647,1143.48366804411,1125.68136165178,1992.33505048766,2010.13735687999,265200000
267,8,8.00228695562526,6.19916473892505,6.72984344205647,6.20065876643408,6.72877717816011,1151.48595499973,1143.48366804411,2010.13735687999,2018.13964383562,265200000
267,7,7.9913280515156,6.19916473892505,6.72984344205647,6.19729023140339,6.72890796979721,1151.47499609563,1143.48366804411,2010.13735687999,2018.12868493151,265200000
268,269,50.3114121024689,6.19982111879746,6.73015067747911,6.19082846810689,6.72744671289996,1119.91645467512,1069.60504257265,1936.25873140853,1986.570143511,265200000
268,270,16.6257775812925,6.19982111879746,6.73015067747911,6.20138375669718,6.72583527333773,1086.23082015394,1069.60504257265,1936.25873140853,1952.88450898982,265200000
269,10,32.4352537492732,6.19082846810689,6.72744671289996,6.65507881498782,6.38060772574976,1152.35170842439,1119.91645467512,1986.570143511,2019.00539726027,265200000
269,11,32.5886784068075,6.19082846810689,6.72744671289996,6.19600398118291,6.73225881862522,1152.50513308193,1119.91645467512,1986.570143511,2019.15882191781,265200000
270,393,2.0683281595644,6.20138375669718,6.72583527333773,6.19866552349473,6.7257265688631,1088.29914831351,1086.23082015394,1952.88450898982,1954.95283714939,265200000
270,271,8.66142185620023,6.20138375669718,6.72583527333773,6.7323989582198,6.21907671245014,1094.89224201014,1086.23082015394,1952.88450898982,1961.54593084602,265200000
271,272,0.598997696476445,6.7323989582198,6.21907671245014,6.7322024292299,6.21987806924281,1095.49123970662,1094.89224201014,1961.54593084602,1962.1449285425,265200000
271,294,2.50423623181148,6.7323989582198,6.21907671245014,6.73784344574528,6.21567411706326,1097.39647824195,1094.89224201014,1961.54593084602,1964.05016707784,265200000
272,282,13.9499251939563,6.7322024292299,6.21987806924281,6.73744619632502,6.22265046140709,1109.44116490058,1095.49123970662,1962.1449285425,1976.09485373646,265200000
272,273,1.6771753265147,6.7322024292299,6.21987806924281,6.73069195223737,6.22128736338515,1097.16841503313,1095.49123970662,1962.1449285425,1963.82210386902,265200000
273,274,13.7800273985028,6.73069195223737,6.22128736338515,7.05923185064802,6.2657468844609,1110.94844243164,1097.16841503313,1963.82210386902,1977.60213126752,265200000
273,276,20.307051515185,6.73069195223737,6.22128736338515,6.73800216695753,6.21524171518185,1117.47546654832,1097.16841503313,1963.82210386902,1984.1291553842,265200000
274,275,13.5344525535722,7.05923185064802,6.2657468844609,7.06011921489772,6.26721471967215,1124.48289498521,1110.94844243164,1977.60213126752,1991.13658382109,265200000
274,14,41.5703892804268,7.05923185064802,6.2657468844609,7.06334200472262,6.26572955106024,1152.51883171206,1110.94844243164,1977.60213126752,2019.17252054795,265200000
275,13,26.8852517953477,7.06011921489772,6.26721471967215,7.0623117792244,6.26657420199458,1151.36814678056,1124.48289498521,1991.13658382109,2018.02183561644,265200000
275,12,26.9729230282245,7.06011921489772,6.26721471967215,7.06837929412392,6.26592951250065,1151.45581801343,1124.48289498521,1991.13658382109,2018.10950684932,265200000
276,277,3.90793051006533,6.73800216695753,6.21524171518185,6.75026050481225,6.13997853004089,1121.38339705838,1117.47546654832,1984.1291553842,1988.03708589427,265200000
276,15,35.0378857116899,6.73800216695753,6.21524171518185,7.20179738725049,5.58419055681976,1152.51335226001,1117.47546654832,1984.1291553842,2019.16704109589,265200000
277,280,21.4848095682164,6.75026050481225,6.13997853004089,6.75881103771688,6.13267748270503,1142.8682066266,1121.38339705838,1988.03708589427,2009.52189546248,265200000
277,278,9.06913828433902,6.75026050481225,6.13997853004089,6.75431636525822,6.13676511857428,1130.45253534272,1121.38339705838,1988.03708589427,1997.10622417861,265200000
278,279,8.84480286833884,6.75431636525822,6.13676511857428,6.75452605161033,6.13314026465297,1139.29733821106,1130.45253534272,1997.10622417861,2005.95102704694,265200000
278,16,21.0662963693403,6.75431636525822,6.13676511857428,6.75467132333868,6.13730624936553,1151.51883171206,1130.45253534272,1997.10622417861,2018.17252054795,265200000
279,17,8.1146441859329,6.75452605161033,6.13314026465297,6.75229484148239,6.21998296020853,1147.411982397,1139.29733821106,2005.95102704694,2014.06567123288,265200000
279,18,13.1146441859329,6.75452605161033,6.13314026465297,6.74968059658363,6.13210422265742,1152.411982397,1139.29733821106,2005.95102704694,2019.06567123288,265200000
280,281,7.19915538818835,6.75881103771688,6.13267748270503,6.75343031997123,6.1293797141204,1150.06736201479,1142.8682066266,2009.52189546248,2016.72105085067,265200000
280,19,8.60131001696978,6.75881103771688,6.13267748270503,7.113571,6.327094,1151.46951664357,1142.8682066266,2009.52189546248,2018.12320547945,265200000
281,20,1.3747573685074,6.75343031997123,6.1293797141204,6.75393416530124,6.13097176905984,1151.4421193833,1150.06736201479,2016.72105085067,2018.09580821918,265200000
281,21,1.34736010823337,6.75343031997123,6.1293797141204,6.7533168927775,6.12931849930105,1151.41472212302,1150.06736201479,2016.72105085067,2018.0684109589,265200000
282,283,8.60417127573312,6.73744619632502,6.22265046140709,6.71223787218547,6.32270328661251,1118.04533617631,1109.44116490058,1976.09485373646,1984.69902501219,265200000
282,292,3.0237221817582,6.73744619632502,6.22265046140709,6.74182500057228,6.22138797652703,1112.46488708233,1109.44116490058,1976.09485373646,1979.11857591822,265200000
283,289,10.8494026281032,6.71223787218547,6.32270328661251,6.71496733760568,6.32295634205474,1128.89473880441,1118.04533617631,1984.69902501219,1995.54842764029,265200000
283,284,9.81501422932652,6.71223787218547,6.32270328661251,6.70944427276574,6.32333188597165,1127.86035040564,1118.04533617631,1984.69902501219,1994.51403924152,265200000
284,285,9.34488952373497,6.70944427276574,6.32333188597165,6.71220957162254,6.32451176197135,1137.20523992937,1127.86035040564,1994.51403924152,2003.85892876525,265200000
284,288,15.7773041048811,6.70944427276574,6.32333188597165,6.71581001046042,6.32516033869222,1143.63765451052,1127.86035040564,1994.51403924152,2010.2913433464,265200000
285,286,12.868532311637,6.71220957162254,6.32451176197135,6.71460926435786,6.32774650422425,1150.07377224101,1137.20523992937,2003.85892876525,2016.72746107689,265200000
285,287,4.56103501860026,6.71220957162254,6.32451176197135,6.71523897080455,6.32631229305257,1141.76627494797,1137.20523992937,2003.85892876525,2008.41996378385,265200000
286,22,1.37656632037155,6.71460926435786,6.32774650422425,6.70824658989737,6.3307006021358,1151.45033856138,1150.07377224101,2016.72746107689,2018.10402739726,265200000
286,23,1.40944303270029,6.71460926435786,6.32774650422425,6.7140879103136,6.32657902249463,1151.48321527371,1150.07377224101,2016.72746107689,2018.13690410959,265200000
287,24,10.7580362161479,6.71523897080455,6.32631229305257,6.71244039161996,6.32952846572544,1152.52431116412,1141.76627494797,2008.41996378385,2019.178,265200000
287,25,10.6237896408055,6.71523897080455,6.32631229305257,6.71523551630728,6.32582323818771,1152.39006458878,1141.76627494797,2008.41996378385,2019.04375342466,265200000
288,27,7.84008131113623,6.71581001046042,6.32516033869222,6.71433227269789,6.32565155854892,1151.47773582165,1143.63765451052,2010.2913433464,2018.13142465753,265200000
288,26,7.80720459880749,6.71581001046042,6.32516033869222,6.71334707301718,6.32858269032628,1151.44485910932,1143.63765451052,2010.2913433464,2018.09854794521,265200000
289,28,23.6049148254599,6.71496733760568,6.32295634205474,7.07021123817855,6.27109523189423,1152.49965362987,1128.89473880441,1995.54842764029,2019.15334246575,265200000
289,290,18.3544119992882,6.71496733760568,6.32295634205474,6.71176913819832,6.33173018216774,1147.2491508037,1128.89473880441,1995.54842764029,2013.90283963958,265200000
290,29,4.28063981247313,6.71176913819832,6.33173018216774,6.70804390342761,6.33317537879883,1151.52979061617,1147.2491508037,2013.90283963958,2018.18347945206,265200000
290,291,1.03446903926223,6.71176913819832,6.33173018216774,6.71243947645235,6.33109852775576,1148.28361984296,1147.2491508037,2013.90283963958,2014.93730867884,265200000
291,30,4.15302008827938,6.71243947645235,6.33109852775576,6.71656950759657,6.33277898832234,1152.43663993124,1148.28361984296,2014.93730867884,2019.09032876712,265200000
291,31,3.24343104718354,6.71243947645235,6.33109852775576,6.71094780252779,6.32976866092619,1151.52705089015,1148.28361984296,2014.93730867884,2018.18073972603,265200000
292,293,17.1726470463102,6.74182500057228,6.22138797652703,6.75074931924377,6.21534681421747,1129.63753412864,1112.46488708233,1979.11857591822,1996.29122296453,265200000
292,32,39.9690131228806,6.74182500057228,6.22138797652703,6.73466100940397,6.22634135490977,1152.43390020521,1112.46488708233,1979.11857591822,2019.0875890411,265200000
293,34,19.8316456633657,6.75074931924377,6.21534681421747,6.751025446131,6.21831871989634,1149.46917979201,1129.63753412864,1996.29122296453,2016.12286862789,265200000
293,33,22.7278729258853,6.75074931924377,6.21534681421747,6.70946560600327,6.3332608629304,1152.36540705453,1129.63753412864,1996.29122296453,2019.01909589041,265200000
294,295,0.198283705540469,6.73784344574528,6.21567411706326,6.73692468242061,6.21588808707716,1097.59476194749,1097.39647824195,1964.05016707784,1964.24845078338,265200000
294,134,53.9935863468217,6.73784344574528,6.21567411706326,7.80207,6.74365,1151.39006458878,1097.39647824195,1964.05016707784,2018.04375342466,265200000
295,296,2.15353759800612,6.73692468242061,6.21588808707716,6.73139986116283,6.26407997270385,1099.7482995455,1097.59476194749,1964.24845078338,1966.40198838138,265200000
295,338,3.42982101229995,6.73692468242061,6.21588808707716,6.7395834198171,6.22000588176159,1101.02458295979,1097.59476194749,1964.24845078338,1967.67827179568,265200000
296,298,1.7737557224172,6.73139986116283,6.26407997270385,6.73078048945261,6.26110313943913,1101.52205526792,1099.7482995455,1966.40198838138,1968.1757441038,265200000
296,297,5.44274555937606,6.73139986116283,6.26407997270385,6.73536486149702,6.28287755643627,1105.19104510488,1099.7482995455,1966.40198838138,1971.84473394076,265200000
297,35,36.2545793364124,6.73536486149702,6.28287755643627,6.71067674043812,6.32495226557367,1141.44562444129,1105.19104510488,1971.84473394076,2008.09931327717,265200000
297,36,46.2757318126662,6.73536486149702,6.28287755643627,6.947775,5.91429,1151.46677691754,1105.19104510488,1971.84473394076,2018.12046575342,265200000
298,299,15.6781456786437,6.73078048945261,6.26110313943913,6.93395672500469,5.77772859854695,1117.20020094656,1101.52205526792,1968.1757441038,1983.85388978244,265200000
298,77,50.9474613756524,6.73078048945261,6.26110313943913,7.06314473772938,6.26421719562928,1152.46951664357,1101.52205526792,1968.1757441038,2019.12320547945,265200000
299,37,35.1679458339949,6.93395672500469,5.77772859854695,7.457113,5.799837,1152.36814678056,1117.20020094656,1983.85388978244,2019.02183561644,265200000
299,300,0.883920536564972,6.93395672500469,5.77772859854695,6.92636818215325,5.7734136374908,1118.08412148313,1117.20020094656,1983.85388978244,1984.73781031901,265200000
300,302,3.865830356923,6.92636818215325,5.7734136374908,6.92268217824973,5.77625809663883,1121.94995184005,1118.08412148313,1984.73781031901,1988.60364067593,265200000
300,301,5.62957133815548,6.92636818215325,5.7734136374908,6.92812894919095,5.77034811928081,1123.71369282128,1118.08412148313,1984.73781031901,1990.36738165716,265200000
301,38,25.479111493521,6.92812894919095,5.77034811928081,6.93029005379749,5.77362980348359,1149.1928043148,1123.71369282128,1990.36738165716,2015.84649315069,265200000
301,39,27.7914402606443,6.92812894919095,5.77034811928081,6.85219831943157,5.60143705865019,1151.50513308193,1123.71369282128,1990.36738165716,2018.15882191781,265200000
302,305,7.85983974786625,6.92268217824973,5.77625809663883,7.19736257847989,5.58926567437226,1129.80979158792,1121.94995184005,1988.60364067593,1996.4634804238,265200000
302,303,6.65990041996089,6.92268217824973,5.77625809663883,6.92186897353746,5.77811351293185,1128.60985226001,1121.94995184005,1988.60364067593,1995.26354109589,265200000
303,40,19.3418561643818,6.92186897353746,5.77811351293185,6.92770990373113,5.77876930795338,1147.95170842439,1128.60985226001,1995.26354109589,2014.60539726027,265200000
303,304,20.5754392787621,6.92186897353746,5.77811351293185,6.92369025878093,5.77023003271036,1149.18529153877,1128.60985226001,1995.26354109589,2015.83898037465,265200000
304,41,3.21847168014025,6.92369025878093,5.77023003271036,6.92237998208703,5.76964755366078,1152.40376321891,1149.18529153877,2015.83898037465,2019.05745205479,265200000
304,42,2.27326620068808,6.92369025878093,5.77023003271036,6.92485726566036,5.7730367363357,1151.45855773946,1149.18529153877,2015.83898037465,2018.11224657534,265200000
305,321,2.76828778513953,7.19736257847989,5.58926567437226,7.19287580423585,5.58859990726298,1132.57807937306,1129.80979158792,1996.4634804238,1999.23176820894,265200000
305,306,11.1515389457323,7.19736257847989,5.58926567437226,7.19378333243835,5.59035743467458,1140.96133053365,1129.80979158792,1996.4634804238,2007.61501936953,265200000
306,307,0.330142420180662,7.19378333243835,5.59035743467458,7.19494405050056,5.58995426145327,1141.29147295383,1140.96133053365,2007.61501936953,2007.94516178971,265200000
306,308,0.962218991876041,7.19378333243835,5.59035743467458,7.19457293946199,5.58713338538205,1141.92354952552,1140.96133053365,2007.61501936953,2008.57723836141,265200000
307,43,10.1506464294675,7.19494405050056,5.58995426145327,7.19346269224119,5.59131736351604,1151.4421193833,1141.29147295383,2007.94516178971,2018.09580821918,265200000
307,44,10.1616053335771,7.19494405050056,5.58995426145327,7.19460507621637,5.58776652025799,1151.45307828741,1141.29147295383,2007.94516178971,2018.10676712329,265200000
308,309,0.188761951312237,7.19457293946199,5.58713338538205,7.19526462505521,5.58805739582827,1142.11231147684,1141.92354952552,2008.57723836141,2008.76600031272,265200000
308,312,0.657499786242251,7.19457293946199,5.58713338538205,7.19558718842578,5.58805973674277,1142.58104931177,1141.92354952552,2008.57723836141,2009.23473814765,265200000
309,310,4.37411601167835,7.19526462505521,5.58805739582827,7.19650655196769,5.5886966986044,1146.48642748852,1142.11231147684,2008.76600031272,2013.1401163244,265200000
309,48,10.3489859886516,7.19526462505521,5.58805739582827,7.1975728827714,5.58641215858019,1152.46129746549,1142.11231147684,2008.76600031272,2019.11498630137,265200000
310,311,0.134507373778455,7.19650655196769,5.5886966986044,7.19625417149952,5.58918246787899,1146.62093486229,1146.48642748852,2013.1401163244,2013.27462369818,265200000
310,47,4.96665079889116,7.19650655196769,5.5886966986044,7.19521713031357,5.58551549728122,1151.45307828741,1146.48642748852,2013.1401163244,2018.10676712329,265200000
311,46,4.75543109634556,7.19625417149952,5.58918246787899,7.1957563690716,5.58898820578412,1151.37636595864,1146.62093486229,2013.27462369818,2018.03005479452,265200000
311,45,5.77186945250993,7.19625417149952,5.58918246787899,7.19798237580792,5.58971461237411,1152.3928043148,1146.62093486229,2013.27462369818,2019.04649315069,265200000
312,315,0.161143078492348,7.19558718842578,5.58805973674277,7.1956517132509,5.58799810543085,1142.74219239026,1142.58104931177,2009.23473814765,2009.39588122614,265200000
312,313,0.378443251549921,7.19558718842578,5.58805973674277,7.19549931062251,5.58793693789908,1142.95949256332,1142.58104931177,2009.23473814765,2009.6131813992,265200000
313,314,4.63118766825223,7.19549931062251,5.58793693789908,7.19187425154323,5.58670540950025,1147.59068023157,1142.95949256332,2009.6131813992,2014.24436906745,265200000
313,51,8.51002408025395,7.19549931062251,5.58793693789908,7.62692,5.21561,1151.46951664357,1142.95949256332,2009.6131813992,2018.12320547945,265200000
314,50,3.87883641200172,7.19187425154323,5.58670540950025,7.19254156709298,5.58532579851862,1151.46951664357,1147.59068023157,2014.24436906745,2018.12320547945,265200000
314,49,3.87883641200172,7.19187425154323,5.58670540950025,7.19937538485265,5.58328084524703,1151.46951664357,1147.59068023157,2014.24436906745,2018.12320547945,265200000
315,318,0.0816575923349365,7.1956517132509,5.58799810543085,7.19549453483536,5.58684645033163,1142.82384998259,1142.74219239026,2009.39588122614,2009.47753881848,265200000
315,316,0.476627653622531,7.1956517132509,5.58799810543085,7.19442553277425,5.59157154574354,1143.21882004388,1142.74219239026,2009.39588122614,2009.87250887976,265200000
316,54,9.20412125722324,7.19442553277425,5.59157154574354,7.19847435932204,5.58318664595817,1152.4229413011,1143.21882004388,2009.87250887976,2019.07663013699,265200000
316,317,0.727593518590878,7.19442553277425,5.59157154574354,7.19440020445975,5.59188892639933,1143.94641356247,1143.21882004388,2009.87250887976,2010.60010239835,265200000
317,53,8.55871951945422,7.19440020445975,5.59188892639933,7.2017630040973,5.58990338571574,1152.50513308193,1143.94641356247,2010.60010239835,2019.15882191781,265200000
317,52,8.57515787561859,7.19440020445975,5.59188892639933,7.19282821133646,5.59096418976147,1152.52157143809,1143.94641356247,2010.60010239835,2019.17526027397,265200000
318,55,9.58265296234646,7.19549453483536,5.58684645033163,7.19442936884528,5.58775334606547,1152.40650294494,1142.82384998259,2009.47753881848,2019.06019178082,265200000
318,319,3.0508070730077,7.19549453483536,5.58684645033163,7.19813520991442,5.58646710428309,1145.8746570556,1142.82384998259,2009.47753881848,2012.52834589148,265200000
319,320,0.758658728982599,7.19813520991442,5.58646710428309,7.19861297410658,5.58759161170918,1146.63331578458,1145.8746570556,2012.52834589148,2013.28700462047,265200000
319,58,5.51540753317439,7.19813520991442,5.58646710428309,7.19759888116355,5.58241318280723,1151.39006458878,1145.8746570556,2012.52834589148,2018.04375342466,265200000
320,57,2.41976250282183,7.19861297410658,5.58759161170918,7.19704647723057,5.58734482438409,1149.05307828741,1146.63331578458,2013.28700462047,2015.70676712329,265200000
320,56,5.80880359871226,7.19861297410658,5.58759161170918,7.19471202343731,5.58581905894364,1152.4421193833,1146.63331578458,2013.28700462047,2019.09580821918,265200000
321,322,2.06343467787655,7.19287580423585,5.58859990726298,7.19541100568137,5.58732594931477,1134.64151405093,1132.57807937306,1999.23176820894,2001.29520288681,265200000
321,336,2.80714159149385,7.19287580423585,5.58859990726298,7.19529913598056,5.58896831693713,1135.38522096455,1132.57807937306,1999.23176820894,2002.03890980043,265200000
322,329,1.90228921978447,7.19541100568137,5.58732594931477,7.19445389123809,5.58900512241689,1136.54380327072,1134.64151405093,2001.29520288681,2003.1974921066,265200000
322,323,0.381621946874244,7.19541100568137,5.58732594931477,7.1944753157446,5.58793859743086,1135.02313599781,1134.64151405093,2001.29520288681,2001.67682483369,265200000
323,59,16.369668316997,7.1944753157446,5.58793859743086,8.84538,7.87839,1151.3928043148,1135.02313599781,2001.67682483369,2018.04649315069,265200000
323,324,1.46060329923889,7.1944753157446,5.58793859743086,7.19654822690924,5.58805856008654,1136.48373929705,1135.02313599781,2001.67682483369,2003.13742813293,265200000
324,327,1.60845929638708,7.19654822690924,5.58805856008654,7.19726084390004,5.58924012370828,1138.09219859343,1136.48373929705,2003.13742813293,2004.74588742931,265200000
324,325,4.62090929644359,7.19654822690924,5.58805856008654,7.20163759547211,5.59068666744242,1141.10464859349,1136.48373929705,2003.13742813293,2007.75833742937,265200000
325,62,10.3347310637803,7.20163759547211,5.59068666744242,7.2013024703919,5.59143929412665,1151.43937965727,1141.10464859349,2007.75833742937,2018.09306849315,265200000
325,326,1.66070647920035,7.20163759547211,5.59068666744242,7.20068839798604,5.59090589944587,1142.76535507269,1141.10464859349,2007.75833742937,2009.41904390857,265200000
326,61,9.63840814622382,7.20068839798604,5.59090589944587,7.19324843786922,5.58216125147295,1152.40376321891,1142.76535507269,2009.41904390857,2019.05745205479,265200000
326,60,8.68224376266199,7.20068839798604,5.59090589944587,7.20082586462885,5.58298876639396,1151.44759883535,1142.76535507269,2009.41904390857,2018.10128767123,265200000
327,65,12.5745783241109,7.19726084390004,5.58924012370828,7.20202289527232,5.58666237850551,1150.66677691754,1138.09219859343,2004.74588742931,2017.32046575342,265200000
327,328,11.4915007667921,7.19726084390004,5.58924012370828,7.19748027160326,5.5912587051695,1149.58369936022,1138.09219859343,2004.74588742931,2016.23738819611,265200000
328,64,2.92417344772953,7.19748027160326,5.5912587051695,7.839884,5.857344,1152.50787280795,1149.58369936022,2016.23738819611,2019.16156164384,265200000
328,63,1.88033783129136,7.19748027160326,5.5912587051695,7.19731460544324,5.59113992852252,1151.46403719152,1149.58369936022,2016.23738819611,2018.1177260274,265200000
329,330,4.38697148053642,7.19445389123809,5.58900512241689,7.19255452983511,5.59031109730938,1140.93077475125,1136.54380327072,2003.1974921066,2007.58446358713,265200000
329,331,5.44627390614435,7.19445389123809,5.58900512241689,7.19682798413259,5.5860072549759,1141.99007717686,1136.54380327072,2003.1974921066,2008.64376601274,265200000
330,66,11.4647692895777,7.19255452983511,5.59031109730938,6.733367,5.401827,1152.39554404083,1140.93077475125,2007.58446358713,2019.04923287671,265200000
330,67,11.5633994265639,7.19255452983511,5.59031109730938,7.08718066626886,4.79806503325777,1152.49417417782,1140.93077475125,2007.58446358713,2019.1478630137,265200000
331,68,7.52008622170627,7.19682798413259,5.5860072549759,7.1987548003697,5.59119095371506,1149.51016339857,1141.99007717686,2008.64376601274,2016.16385223445,265200000
331,332,0.0168982977566969,7.19682798413259,5.5860072549759,7.19681694085066,5.58601869087892,1142.00697547462,1141.99007717686,2008.64376601274,2008.6606643105,265200000
332,73,9.45706171689814,7.19681694085066,5.58601869087892,7.1970279646936,5.58344224855202,1151.46403719152,1142.00697547462,2008.6606643105,2018.1177260274,265200000
332,333,1.87294878854845,7.19681694085066,5.58601869087892,7.19787985223363,5.58405572994304,1143.87992426317,1142.00697547462,2008.6606643105,2010.53361309905,265200000
333,334,2.50981645847838,7.19787985223363,5.58405572994304,7.19985424715746,5.58278992303163,1146.38974072164,1143.87992426317,2010.53361309905,2013.04342955753,265200000
333,335,1.03985808398838,7.19787985223363,5.58405572994304,7.19817305880289,5.58444969322923,1144.91978234715,1143.87992426317,2010.53361309905,2011.57347118304,265200000
334,70,4.99484441507659,7.19985424715746,5.58278992303163,7.20046132329553,5.58458898353201,1151.38458513672,1146.38974072164,2013.04342955753,2018.0382739726,265200000
334,69,4.00580331918624,7.19985424715746,5.58278992303163,7.19906286839396,5.58266652971255,1150.39554404083,1146.38974072164,2013.04342955753,2017.04923287671,265200000
335,71,7.49220004984061,7.19817305880289,5.58444969322923,7.20042016638878,5.59145797161772,1152.411982397,1144.91978234715,2011.57347118304,2019.06567123288,265200000
335,72,6.54151511833372,7.19817305880289,5.58444969322923,7.20119152221106,5.5815548228656,1151.46129746549,1144.91978234715,2011.57347118304,2018.11498630137,265200000
336,337,1.20666428009069,7.19529913598056,5.58896831693713,7.1932897536828,5.58749625663531,1136.59188524464,1135.38522096455,2002.03890980043,2003.24557408052,265200000
336,74,17.029501158473,7.19529913598056,5.58896831693713,7.19591926664257,5.59132048552401,1152.41472212302,1135.38522096455,2002.03890980043,2019.0684109589,265200000
337,75,15.8255766044099,7.1932897536828,5.58749625663531,6.33444099945055,5.62609835515774,1152.41746184905,1136.59188524464,2003.24557408052,2019.07115068493,265200000
337,76,15.7516040016701,7.1932897536828,5.58749625663531,7.19283989671271,5.58623407283444,1152.34348924631,1136.59188524464,2003.24557408052,2018.99717808219,265200000
338,339,1.68594140150663,6.7395834198171,6.22000588176159,6.74136015044375,6.22066497684286,1102.7105243613,1101.02458295979,1967.67827179568,1969.36421319718,265200000
338,367,6.3078932265337,6.7395834198171,6.22000588176159,6.73512370096874,6.22312025898344,1107.33247618633,1101.02458295979,1967.67827179568,1973.98616502221,265200000
339,365,2.40351793007412,6.74136015044375,6.22066497684286,6.74340487185933,6.21940107592818,1105.11404229138,1102.7105243613,1969.36421319718,1971.76773112726,265200000
339,340,1.37995998342453,6.74136015044375,6.22066497684286,6.93242751532318,5.77703459557146,1104.09048434473,1102.7105243613,1969.36421319718,1970.74417318061,265200000
340,362,22.4203095853357,6.93242751532318,5.77703459557146,6.92776559822351,5.76173126852958,1126.51079393006,1104.09048434473,1970.74417318061,1993.16448276594,265200000
340,341,1.41017468777366,6.93242751532318,5.77703459557146,6.92644976720854,5.7662347402169,1105.5006590325,1104.09048434473,1970.74417318061,1972.15434786838,265200000
341,346,0.305173998767742,6.92644976720854,5.7662347402169,7.08510378252831,6.27104813486961,1105.80583303127,1105.5006590325,1972.15434786838,1972.45952186715,265200000
341,342,29.0414397984019,6.92644976720854,5.7662347402169,6.92225281592388,5.76694011987209,1134.5420988309,1105.5006590325,1972.15434786838,2001.19578766678,265200000
342,82,16.900020552395,6.92225281592388,5.76694011987209,6.92467812225638,5.77591638821476,1151.4421193833,1134.5420988309,2001.19578766678,2018.09580821918,265200000
342,343,5.12119796110191,6.92225281592388,5.76694011987209,6.78221551976322,5.59212347989721,1139.663296792,1134.5420988309,2001.19578766678,2006.31698562789,265200000
343,344,0.742638114882531,6.78221551976322,5.59212347989721,6.7834720047741,5.59654860028646,1140.40593490689,1139.663296792,2006.31698562789,2007.05962374277,265200000
343,78,11.8445760159506,6.78221551976322,5.59212347989721,6.33618744734847,5.62277581666933,1151.50787280795,1139.663296792,2006.31698562789,2018.16156164384,265200000
344,345,0.956545753885035,6.7834720047741,5.59654860028646,6.78170454113136,5.59465446723658,1141.36248066077,1140.40593490689,2007.05962374277,2008.01616949665,265200000
344,81,7.52111598325984,6.7834720047741,5.59654860028646,6.78255079575478,5.59336020637418,1147.92705089015,1140.40593490689,2007.05962374277,2014.58073972603,265200000
345,79,10.986488037594,6.78170454113136,5.59465446723658,6.77948864575629,5.59361206480629,1152.34896869837,1141.36248066077,2008.01616949665,2019.00265753425,265200000
345,80,6.35635105129269,6.78170454113136,5.59465446723658,6.78378758316774,5.59117229829529,1147.71883171206,1141.36248066077,2008.01616949665,2014.37252054795,265200000
346,349,2.09580958346545,7.08510378252831,6.27104813486961,7.07822698807172,6.27485741006832,1107.90164261473,1105.80583303127,1972.45952186715,1974.55533145061,265200000
346,347,31.247279322923,7.08510378252831,6.27104813486961,7.07763719213907,6.27516440652926,1137.05311235419,1105.80583303127,1972.45952186715,2003.70680119007,265200000
347,348,4.76535111270815,7.07763719213907,6.27516440652926,7.06624179580969,6.26652330090411,1141.8184634669,1137.05311235419,2003.70680119007,2008.47215230278,265200000
347,83,15.3451714126677,7.07763719213907,6.27516440652926,7.08703466799818,6.27911043494636,1152.39828376686,1137.05311235419,2003.70680119007,2019.05197260274,265200000
348,84,10.6318750944803,7.06624179580969,6.26652330090411,7.06507612260383,6.26523777485824,1152.45033856138,1141.8184634669,2008.47215230278,2019.10402739726,265200000
348,85,9.56886139585013,7.06624179580969,6.26652330090411,7.20173502351048,5.59044805787802,1151.38732486275,1141.8184634669,2008.47215230278,2018.04101369863,265200000
349,350,3.14862372696275,7.07822698807172,6.27485741006832,7.08412717948393,6.27732386427992,1111.0502663417,1107.90164261473,1974.55533145061,1977.70395517758,265200000
349,355,0.471386634214326,7.07822698807172,6.27485741006832,7.07324073902024,6.28214573708058,1108.37302924895,1107.90164261473,1974.55533145061,1975.02671808483,265200000
350,352,14.7221916799632,7.08412717948393,6.27732386427992,7.08414542870194,6.2832798279407,1125.77245802166,1111.0502663417,1977.70395517758,1992.42614685754,265200000
350,351,6.86399617391693,7.08412717948393,6.27732386427992,7.08344407718495,6.26851506855112,1117.91426251561,1111.0502663417,1977.70395517758,1984.56795135149,265200000
351,86,33.5689527580951,7.08344407718495,6.26851506855112,7.218593,6.334514,1151.48321527371,1117.91426251561,1984.56795135149,2018.13690410959,265200000
351,87,33.5826513882321,7.08344407718495,6.26851506855112,7.06271063579991,6.26439392514661,1151.49691390384,1117.91426251561,1984.56795135149,2018.15060273973,265200000
352,353,1.63552613189033,7.08414542870194,6.2832798279407,7.08316465348056,6.28138401062235,1127.40798415355,1125.77245802166,1992.42614685754,1994.06167298943,265200000
352,88,26.636784649309,7.08414542870194,6.2832798279407,7.08715158092637,6.28526327155292,1152.40924267097,1125.77245802166,1992.42614685754,2019.06293150685,265200000
353,354,12.647682539357,7.08316465348056,6.28138401062235,7.0849732454772,6.28328798105556,1140.05566669291,1127.40798415355,1994.06167298943,2006.70935552879,265200000
353,89,24.9793407091996,7.08316465348056,6.28138401062235,7.08463701592936,6.28567407291832,1152.38732486275,1127.40798415355,1994.06167298943,2019.04101369863,265200000
354,90,12.328918443815,7.0849732454772,6.28328798105556,7.08764331447751,6.28241165200751,1152.38458513672,1140.05566669291,2006.70935552879,2019.0382739726,265200000
354,91,12.2987814575138,7.0849732454772,6.28328798105556,7.08164612219633,6.28614802603344,1152.35444815042,1140.05566669291,2006.70935552879,2019.0081369863,265200000
355,356,1.50186462421496,7.07324073902024,6.28214573708058,7.08189261313611,6.27984643345561,1109.87489387316,1108.37302924895,1975.02671808483,1976.52858270904,265200000
355,99,40.9813964447019,7.07324073902024,6.28214573708058,6.75468752084555,6.22017992371867,1149.35442569365,1108.37302924895,1975.02671808483,2016.00811452953,265200000
356,360,4.5370484444951,7.08189261313611,6.27984643345561,7.08011249751802,6.27883045270515,1114.41194231766,1109.87489387316,1976.52858270904,1981.06563115354,265200000
356,357,0.816633933098565,7.08189261313611,6.27984643345561,7.08179488578872,6.28281599167659,1110.69152780626,1109.87489387316,1976.52858270904,1977.34521664214,265200000
357,359,20.2905581598439,7.08179488578872,6.28281599167659,7.08403638316668,6.2842017684462,1130.9820859661,1110.69152780626,1977.34521664214,1997.63577480199,265200000
357,358,37.1542739074891,7.08179488578872,6.28281599167659,7.08131698458508,6.27981543880242,1147.84580171375,1110.69152780626,1977.34521664214,2014.49949054963,265200000
358,93,4.65385191612216,7.08131698458508,6.27981543880242,7.07904239837763,6.28037200737254,1152.49965362987,1147.84580171375,2014.49949054963,2019.15334246575,265200000
358,92,3.56618068324536,7.08131698458508,6.27981543880242,7.0798142117915,6.2873778345267,1151.411982397,1147.84580171375,2014.49949054963,2018.06567123288,265200000
359,94,21.5230471158221,7.08403638316668,6.2842017684462,7.08428158842933,6.28288690094011,1152.50513308193,1130.9820859661,1997.63577480199,2019.15882191781,265200000
359,95,21.4107183486989,7.08403638316668,6.2842017684462,7.06467573391672,6.26900047558229,1152.3928043148,1130.9820859661,1997.63577480199,2019.04649315069,265200000
360,96,36.0184433496115,7.08011249751802,6.27883045270515,7.088383,6.290372,1150.43038566727,1114.41194231766,1981.06563115354,2017.08407450315,265200000
360,361,18.4348104280009,7.08011249751802,6.27883045270515,7.07438679874103,6.27719124255334,1132.84675274566,1114.41194231766,1981.06563115354,1999.50044158154,265200000
361,98,19.5542707472276,7.07438679874103,6.27719124255334,7.06271227408243,6.26876793434739,1152.40102349289,1132.84675274566,1999.50044158154,2019.05471232877,265200000
361,97,19.5981063636658,7.07438679874103,6.27719124255334,7.06386404147309,6.26306227773901,1152.44485910932,1132.84675274566,1999.50044158154,2019.09854794521,265200000
362,364,1.96014449846076,6.92776559822351,5.76173126852958,7.1888737453799,5.58228173779045,1128.47093842852,1126.51079393006,1993.16448276594,1995.1246272644,265200000
362,363,21.4266180676608,6.92776559822351,5.76173126852958,6.92688125344954,5.77382571782158,1147.93741199772,1126.51079393006,1993.16448276594,2014.5911008336,265200000
363,101,1.6082705265277,6.92688125344954,5.77382571782158,7.08545957172603,4.79601666143291,1149.54568252425,1147.93741199772,2014.5911008336,2016.19937136013,265200000
363,100,4.45265259105362,6.92688125344954,5.77382571782158,6.92724656319168,5.77374653779867,1152.39006458878,1147.93741199772,2014.5911008336,2019.04375342466,265200000
364,102,22.9026878040893,7.1888737453799,5.58228173779045,7.182869,5.581471,1151.37362623261,1128.47093842852,1995.1246272644,2018.02731506849,265200000
364,103,23.8725508177879,7.1888737453799,5.58228173779045,7.19731072976323,5.58787918731846,1152.34348924631,1128.47093842852,1995.1246272644,2018.99717808219,265200000
365,106,47.2842414754826,6.74340487185933,6.21940107592818,6.754196,6.054167,1152.39828376686,1105.11404229138,1971.76773112726,2019.05197260274,265200000
365,366,29.0289540614322,6.74340487185933,6.21940107592818,6.73710073984994,6.21825988896596,1134.14299635281,1105.11404229138,1971.76773112726,2000.79668518869,265200000
366,104,18.3319997428175,6.73710073984994,6.21825988896596,6.74285775284606,6.22125116268021,1152.47499609563,1134.14299635281,2000.79668518869,2019.12868493151,265200000
366,105,18.2306298798039,6.73710073984994,6.21825988896596,6.74804632518215,6.12973517952285,1152.37362623261,1134.14299635281,2000.79668518869,2019.02731506849,265200000
367,368,1.36976184715493,6.73512370096874,6.22312025898344,6.73442878045857,6.22135142277114,1108.70223803348,1107.33247618633,1973.98616502221,1975.35592686937,265200000
367,380,1.97448075710945,6.73512370096874,6.22312025898344,6.73697665035465,6.23079081610126,1109.30695694344,1107.33247618633,1973.98616502221,1975.96064577932,265200000
368,369,0.710627996113232,6.73442878045857,6.22135142277114,6.74027438651206,6.21086865280184,1109.4128660296,1108.70223803348,1975.35592686937,1976.06655486548,265200000
368,379,3.64275660583704,6.73442878045857,6.22135142277114,6.74203366296867,6.21685303694987,1112.34499463932,1108.70223803348,1975.35592686937,1978.9986834752,265200000
369,376,0.853031113720782,6.74027438651206,6.21086865280184,6.93394123811139,5.99550961687704,1110.26589714332,1109.4128660296,1976.06655486548,1976.9195859792,265200000
369,370,3.02480593781467,6.74027438651206,6.21086865280184,6.75507367379499,6.21531980783759,1112.43767196741,1109.4128660296,1976.06655486548,1979.09136080329,265200000
370,375,18.4073925553623,6.75507367379499,6.21531980783759,7.06097485758305,6.266313205271,1130.84506452277,1112.43767196741,1979.09136080329,1997.49875335866,265200000
370,371,0.960936109904829,6.75507367379499,6.21531980783759,6.75375199239213,6.21124380463005,1113.39860807732,1112.43767196741,1979.09136080329,1980.0522969132,265200000
371,372,1.59291818873998,6.75375199239213,6.21124380463005,6.75102012868473,6.20975025412566,1114.99152626606,1113.39860807732,1980.0522969132,1981.64521510194,265200000
371,111,37.9941962374873,6.75375199239213,6.21124380463005,6.997077,5.904454,1151.3928043148,1113.39860807732,1980.0522969132,2018.04649315069,265200000
372,107,26.4941397894987,6.75102012868473,6.20975025412566,6.74321956251889,6.22545004495174,1141.48566605555,1114.99152626606,1981.64521510194,2008.13935489144,265200000
372,373,1.20933082397128,6.75102012868473,6.20975025412566,6.73477930022079,6.13741273546558,1116.20085709003,1114.99152626606,1981.64521510194,1982.85454592591,265200000
373,108,35.2960568138172,6.73477930022079,6.13741273546558,6.615948,5.986347,1151.49691390384,1116.20085709003,1982.85454592591,2018.15060273973,265200000
373,374,30.8310063209166,6.73477930022079,6.13741273546558,6.75021706451807,6.13130787432211,1147.03186341094,1116.20085709003,1982.85454592591,2013.68555224683,265200000
374,110,5.33080391755803,6.75021706451807,6.13130787432211,6.74980639282831,6.13242777870838,1152.3626673285,1147.03186341094,2013.68555224683,2019.01635616438,265200000
374,109,4.45409158879093,6.75021706451807,6.13130787432211,6.74743865128725,6.13054215049201,1151.48595499973,1147.03186341094,2013.68555224683,2018.13964383562,265200000
375,113,21.5833562303859,7.06097485758305,6.266313205271,6.678119,3.51526,1152.42842075316,1130.84506452277,1997.49875335866,2019.08210958904,265200000
375,112,21.5943151344955,7.06097485758305,6.266313205271,7.06239858536181,6.2671301146712,1152.43937965727,1130.84506452277,1997.49875335866,2019.09306849315,265200000
376,117,41.1186879934037,6.93394123811139,5.99550961687704,7.20162868634326,5.59103370197219,1151.38458513672,1110.26589714332,1976.9195859792,2018.0382739726,265200000
376,377,3.01990073749051,6.93394123811139,5.99550961687704,6.9409038718148,5.98764003686679,1113.28579788081,1110.26589714332,1976.9195859792,1979.93948671669,265200000
377,378,3.6926267215372,6.9409038718148,5.98764003686679,6.94270186720979,5.98739153033572,1116.97842460235,1113.28579788081,1979.93948671669,1983.63211343823,265200000
377,116,38.1754995846803,6.9409038718148,5.98764003686679,6.33050736698032,5.62720499639124,1151.46129746549,1113.28579788081,1979.93948671669,2018.11498630137,265200000
378,114,35.43355779465,6.94270186720979,5.98739153033572,6.94209543256071,5.98571356461745,1152.411982397,1116.97842460235,1983.63211343823,2019.06567123288,265200000
378,115,34.5157495754718,6.94270186720979,5.98739153033572,6.93732686596056,5.98888996265268,1151.49417417782,1116.97842460235,1983.63211343823,2018.1478630137,265200000
379,118,38.2532891275377,6.74203366296867,6.21685303694987,6.75116546447333,6.21959899334208,1150.59828376686,1112.34499463932,1978.9986834752,2017.25197260274,265200000
379,119,39.1546589905515,6.74203366296867,6.21685303694987,6.713854,6.154398,1151.49965362987,1112.34499463932,1978.9986834752,2018.15334246575,265200000
380,120,42.1022857275298,6.73697665035465,6.23079081610126,6.71568770023263,6.331453502306,1151.40924267097,1109.30695694344,1975.96064577932,2018.06293150685,265200000
380,381,21.0735705516217,6.73697665035465,6.23079081610126,6.74254140880976,6.22558000470137,1130.38052749506,1109.30695694344,1975.96064577932,1997.03421633094,265200000
381,121,11.0937658027519,6.74254140880976,6.22558000470137,6.73640856818718,6.22380575292785,1141.47429329781,1130.38052749506,1997.03421633094,2008.12798213369,265200000
381,382,0.243427487165238,6.74254140880976,6.22558000470137,6.90965233230265,5.78461214504383,1130.62395498222,1130.38052749506,1997.03421633094,1997.27764381811,265200000
382,387,0.438408710290403,6.90965233230265,5.78461214504383,6.92488460654063,5.77378435887763,1131.06236369252,1130.62395498222,1997.27764381811,1997.7160525284,265200000
382,383,4.05306980650892,6.90965233230265,5.78461214504383,6.91696882441963,5.78343218231868,1134.67702478873,1130.62395498222,1997.27764381811,2001.33071362462,265200000
383,122,14.7675648393415,6.91696882441963,5.78343218231868,6.92879666017206,5.77401085388108,1149.44458962808,1134.67702478873,2001.33071362462,2016.09827846396,265200000
383,384,5.79944643721579,6.91696882441963,5.78343218231868,7.19914146107165,5.58789706175367,1140.47647122595,1134.67702478873,2001.33071362462,2007.13016006183,265200000
384,123,11.9081139107715,7.19914146107165,5.58789706175367,7.20201659531702,5.58495069377593,1152.38458513672,1140.47647122595,2007.13016006183,2019.0382739726,265200000
384,385,2.55972791566038,7.19914146107165,5.58789706175367,7.19853688447456,5.58877386985029,1143.03619914161,1140.47647122595,2007.13016006183,2009.68988797749,265200000
385,386,6.82119073774695,7.19853688447456,5.58877386985029,7.1933915108695,5.58489786140037,1149.85738987936,1143.03619914161,2009.68988797749,2016.51107871524,265200000
385,126,8.35386544716608,7.19853688447456,5.58877386985029,7.20185971907732,5.58658708671465,1151.39006458878,1143.03619914161,2009.68988797749,2018.04375342466,265200000
386,125,2.57651032585753,7.1933915108695,5.58489786140037,7.19330615500896,5.58284989884439,1152.43390020521,1149.85738987936,2016.51107871524,2019.0875890411,265200000
386,124,1.60664731215892,7.1933915108695,5.58489786140037,7.19433682713304,5.58929930177461,1151.46403719152,1149.85738987936,2016.51107871524,2018.1177260274,265200000
387,392,0.770244594059708,6.92488460654063,5.77378435887763,7.1971051126936,5.59003956667104,1131.83260828658,1131.06236369252,1997.7160525284,1998.48629712246,265200000
387,388,0.700365791185426,6.92488460654063,5.77378435887763,6.92222430699821,5.78186287196477,1131.7627294837,1131.06236369252,1997.7160525284,1998.41641831958,265200000
388,390,1.343323438223,6.92222430699821,5.78186287196477,6.89518161656952,5.79128051884868,1133.10605292192,1131.7627294837,1998.41641831958,1999.75974175781,265200000
388,389,1.99614571152228,6.92222430699821,5.78186287196477,6.92320866627513,5.78058016687881,1133.75887519522,1131.7627294837,1998.41641831958,2000.4125640311,265200000
389,128,12.6668058319092,6.92320866627513,5.78058016687881,6.93120173002071,5.77686443810564,1146.42568102713,1133.75887519522,2000.4125640311,2013.07936986301,265200000
389,127,12.6284496675257,6.92320866627513,5.78058016687881,6.87224,5.75412,1146.38732486275,1133.75887519522,2000.4125640311,2013.04101369863,265200000
390,391,17.6435219770839,6.89518161656952,5.79128051884868,6.85178652996306,5.77878377919831,1150.74957489901,1133.10605292192,1999.75974175781,2017.40326373489,265200000
390,131,19.4072993380852,6.89518161656952,5.79128051884868,7.19635477474167,5.58644267735171,1152.51335226001,1133.10605292192,1999.75974175781,2019.16704109589,265200000
391,130,0.711722566480657,6.85178652996306,5.77878377919831,6.85193043971175,5.77845409230485,1151.46129746549,1150.74957489901,2017.40326373489,2018.11498630137,265200000
391,129,1.61583215552178,6.85178652996306,5.77878377919831,6.85094175864151,5.77729449104756,1152.36540705453,1150.74957489901,2017.40326373489,2019.01909589041,265200000
392,133,20.5601960282284,7.1971051126936,5.59003956667104,7.19558700783069,5.58817137374298,1152.3928043148,1131.83260828658,1998.48629712246,2019.04649315069,265200000
392,132,20.6725247953517,7.1971051126936,5.59003956667104,6.85256751531468,5.59817483448513,1152.50513308193,1131.83260828658,1998.48629712246,2019.15882191781,265200000
393,394,24.6323131417505,6.19866552349473,6.7257265688631,6.17117834161191,6.71429282640256,1112.93146145526,1088.29914831351,1954.95283714939,1979.58515029114,265200000
393,396,20.3871298153095,6.19866552349473,6.7257265688631,6.66266140333463,6.40752455696289,1108.68627812882,1088.29914831351,1954.95283714939,1975.3399669647,265200000
394,395,18.2329968374479,6.17117834161191,6.71429282640256,6.45585501453776,6.726031631034,1131.16445829271,1112.93146145526,1979.58515029114,1997.81814712859,265200000
394,137,32.8191391017796,6.17117834161191,6.71429282640256,6.2005248123172,6.73155160773482,1145.75060055704,1112.93146145526,1979.58515029114,2012.40428939292,265200000
395,135,20.2584830083994,6.45585501453776,6.726031631034,6.452245,6.728375,1151.4229413011,1131.16445829271,1997.81814712859,2018.07663013699,265200000
395,136,20.2968391727828,6.45585501453776,6.726031631034,6.452608,6.726605,1151.46129746549,1131.16445829271,1997.81814712859,2018.11498630137,265200000
396,138,42.7284439942059,6.66266140333463,6.40752455696289,6.65577560891479,6.38353171857904,1151.41472212302,1108.68627812882,1975.3399669647,2018.0684109589,265200000
396,139,42.7092659120142,6.66266140333463,6.40752455696289,7.098654,6.678859,1151.39554404083,1108.68627812882,1975.3399669647,2018.04923287671,265200000
397,140,70.5000680741995,5.99888360363828,7.83905970578994,5.967,7.867,1151.37910568467,1080.87903761047,1947.53272644635,2018.03279452055,265200000
397,398,34.6033844097755,5.99888360363828,7.83905970578994,6.54902248555818,8.30137922884138,1115.48242202024,1080.87903761047,1947.53272644635,1982.13611085612,265200000
398,141,35.9295603767527,6.54902248555818,8.30137922884138,6.556183,8.303293,1151.411982397,1115.48242202024,1982.13611085612,2018.06567123288,265200000
398,399,5.39815843148019,6.54902248555818,8.30137922884138,6.32924090955574,8.10308762761953,1120.88058045172,1115.48242202024,1982.13611085612,1987.5342692876,265200000
399,151,30.5807170137657,6.32924090955574,8.10308762761953,6.33268268209776,8.10421324746359,1151.46129746549,1120.88058045172,1987.5342692876,2018.11498630137,265200000
399,400,8.70244933519642,6.32924090955574,8.10308762761953,6.32850129855898,8.10138112565663,1129.58302978692,1120.88058045172,1987.5342692876,1996.2367186228,265200000
400,401,3.32311968628674,6.32850129855898,8.10138112565663,6.32915202840643,8.10151343033238,1132.90614947321,1129.58302978692,1996.2367186228,1999.55983830909,265200000
400,406,1.18262131829005,6.32850129855898,8.10138112565663,6.3300426357141,8.09965013618861,1130.76565110521,1129.58302978692,1996.2367186228,1997.41933994109,265200000
401,147,18.5414493621455,6.32915202840643,8.10151343033238,6.1878,8.1189,1151.44759883535,1132.90614947321,1999.55983830909,2018.10128767123,265200000
401,402,6.29251423329177,6.32915202840643,8.10151343033238,6.33204114467272,8.10201880074928,1139.1986637065,1132.90614947321,1999.55983830909,2005.85235254238,265200000
402,404,0.942825106099587,6.33204114467272,8.10201880074928,6.33433441798689,8.10319195648219,1140.1414888126,1139.1986637065,2005.85235254238,2006.79517764848,265200000
402,403,11.4127415119916,6.33204114467272,8.10201880074928,6.13041653211086,8.00612804027702,1150.61140521849,1139.1986637065,2005.85235254238,2017.26509405437,265200000
403,142,1.86633060316356,6.13041653211086,8.00612804027702,5.889345,7.953555,1152.47773582165,1150.61140521849,2017.26509405437,2019.13142465753,265200000
403,143,0.858111425081486,6.13041653211086,8.00612804027702,6.128725,8.00679,1151.46951664357,1150.61140521849,2017.26509405437,2018.12320547945,265200000
404,146,11.3061100227541,6.33433441798689,8.10319195648219,6.33510758449873,8.10354604155226,1151.44759883535,1140.1414888126,2006.79517764848,2018.10128767123,265200000
404,405,9.23870580751386,6.33433441798689,8.10319195648219,6.33117580009711,8.09704668380131,1149.38019462011,1140.1414888126,2006.79517764848,2016.03388345599,265200000
405,145,2.07562339332258,6.33117580009711,8.09704668380131,6.33104600078239,8.09675248847762,1151.45581801343,1149.38019462011,2016.03388345599,2018.10950684932,265200000
405,144,2.04548640702119,6.33117580009711,8.09704668380131,6.340038,8.129261,1151.42568102713,1149.38019462011,2016.03388345599,2018.07936986301,265200000
406,148,20.6408518397314,6.3300426357141,8.09965013618861,6.032415,7.850118,1151.40650294494,1130.76565110521,1997.41933994109,2018.06019178082,265200000
406,407,0.992222970246001,6.3300426357141,8.09965013618861,6.33506558624388,8.09798646758099,1131.75787407546,1130.76565110521,1997.41933994109,1998.41156291134,265200000
407,149,15.9527384585264,6.33506558624388,8.09798646758099,6.33407938874941,8.10330322874277,1147.71061253398,1131.75787407546,1998.41156291134,2014.36430136986,265200000
407,150,14.6541083215401,6.33506558624388,8.09798646758099,6.33163049922557,8.09689972940909,1146.411982397,1131.75787407546,1998.41156291134,2013.06567123288,265200000
408,410,156.434086600998,6.0735210138629,7.80487171290674,6.44513563681295,7.5088251295474,1105.59367715343,949.159590552432,1815.81327938831,1972.24736598931,265200000
408,409,134.769852397611,6.0735210138629,7.80487171290674,6.07197086374524,7.80150471255579,1083.92944295004,949.159590552432,1815.81327938831,1950.58313178592,265200000
409,153,65.5233433993446,6.07197086374524,7.80150471255579,6.0767,8.0701,1149.45278634939,1083.92944295004,1950.58313178592,2016.10647518527,265200000
409,152,67.5071969811995,6.07197086374524,7.80150471255579,6.065463,7.81309,1151.43663993124,1083.92944295004,1950.58313178592,2018.09032876712,265200000
410,154,43.8235900702742,6.44513563681295,7.5088251295474,5.485,7.035,1149.4172672237,1105.59367715343,1972.24736598931,2016.07095605959,265200000
410,155,40.8429627778121,6.44513563681295,7.5088251295474,6.452667,7.510333,1146.43663993124,1105.59367715343,1972.24736598931,2013.09032876712,265200000
